#N S_wide S_narrow rel_err_wide rel_err_narrow
100 0.2916640786 1.0000000000 -0.6912029945 0.0587419847
600 1.0532313951 0.9395833333 0.1151002976 -0.0052236769
1100 0.9633752901 0.9500000000 0.0199658667 0.0058048855
1600 0.8810685709 0.9328125000 -0.0671757125 -0.0123922424
2100 0.8518442932 0.9470238095 -0.0981166823 0.0026538677
2600 0.9236029157 0.9466346154 -0.0221428159 0.0022418115
3100 1.0380732262 0.9262096774 0.0990517078 -0.0193829279
3600 1.0019201220 0.9572916667 0.0607748985 0.0135248791
4100 0.9461298161 0.9423780488 0.0017073593 -0.0022647943
4600 0.9341704548 0.9448369565 -0.0109545186 0.0003385546
5100 0.9436190780 0.9465686275 -0.0009508646 0.0021719473
5600 1.0225603710 0.9421875000 0.0826275967 -0.0024665363
6100 0.9706198027 0.9401639344 0.0276359363 -0.0046089701
6600 0.9633752901 0.9410984848 0.0199658667 -0.0036195223
7100 0.8996399046 0.9404929577 -0.0475134619 -0.0042606193
7600 0.9248821441 0.9455592105 -0.0207884431 0.0011032352
8100 0.9734138592 0.9333333333 0.0305941212 -0.0118408143
8600 0.8930799307 0.9383720930 -0.0544587816 -0.0065060678
9100 0.8974279343 0.9605769231 -0.0498553677 0.0170031180
9600 0.9225901932 0.9434895833 -0.0232150277 -0.0010879660
10100 0.9654754815 0.9431930693 0.0221894275 -0.0014018978
10600 0.8951702540 0.9412735849 -0.0522456687 -0.0034341366
11100 0.8942613342 0.9456081081 -0.0532079801 0.0011550051
11600 0.9395271039 0.9468750000 -0.0052832093 0.0024963168
12100 0.9585543962 0.9461776860 0.0148617839 0.0017580411
12600 0.9274609062 0.9459325397 -0.0180581994 0.0014984945
13100 0.9306533197 0.9444656489 -0.0146782573 -0.0000545644
13600 0.9278920934 0.9493566176 -0.0176016835 0.0051237096
14100 0.9067098426 0.9443262411 -0.0400282217 -0.0002021612
14600 0.9262665146 0.9583047945 -0.0193227519 0.0145975201
15100 0.9586927442 0.9512417219 0.0150082587 0.0071195485
15600 0.9130082804 0.9440705128 -0.0333598012 -0.0004729115
16100 0.9341704548 0.9458850932 -0.0109545186 0.0014482609
16600 0.9569861536 0.9371987952 0.0132014197 -0.0077482875
17100 0.9324153781 0.9423976608 -0.0128126920 -0.0022440302
17600 0.9926521768 0.9445312500 0.0509625358 0.0000148903
18100 0.9383741168 0.9485497238 -0.0065039252 0.0042694171
18600 0.9314433479 0.9451612903 -0.0138418211 0.0006819404
19100 0.9294565578 0.9405104712 -0.0159453193 -0.0042420771
19600 0.9112022321 0.9471938776 -0.0352719403 0.0028339258
20100 0.9572192565 0.9459577114 0.0134482154 0.0015251449
20600 0.8981177050 0.9439320388 -0.0491250785 -0.0006195198
21100 0.9418031228 0.9416469194 -0.0028734925 -0.0030388716
21600 0.9803153755 0.9437500000 0.0379010463 -0.0008122519
22100 0.9400997528 0.9416289593 -0.0046769219 -0.0030578868
22600 0.9304858438 0.9408738938 -0.0148555709 -0.0038573063
23100 0.9456986793 0.9431277056 0.0012508966 -0.0014711011
23600 0.9421408868 0.9433792373 -0.0025158876 -0.0012047940
24100 0.9217875791 0.9390041494 -0.0240647890 -0.0058368832
24600 0.9366448054 0.9420731707 -0.0083348197 -0.0025875815
25100 0.9427760524 0.9474601594 -0.0018434112 0.0031158496
25600 0.9357555857 0.9489257813 -0.0092762740 0.0046675650
26100 0.9588037528 0.9437260536 0.0151257882 -0.0008376049
26600 0.9579593360 0.9471334586 0.0142317687 0.0027699578
27100 0.9449485648 0.9402675277 0.0004567189 -0.0044992916
27600 0.9486127582 0.9418478261 0.0043361544 -0.0028261633
28100 0.9469568010 0.9488434164 0.0025829230 0.0045803618
28600 0.9395798524 0.9431818182 -0.0052273622 -0.0014138099
29100 0.9618566809 0.9440721649 0.0183580514 -0.0004711624
29600 0.9084941909 0.9460726351 -0.0381390572 0.0016468194
30100 0.9615547753 0.9438122924 0.0180384113 -0.0007463004
30600 0.9636352402 0.9409722222 0.0202410868 -0.0037532019
31100 0.9443914058 0.9461012862 -0.0001331687 0.0016771535
31600 0.9368324045 0.9501582278 -0.0081362007 0.0059724079
32100 0.9219371292 0.9471962617 -0.0239064541 0.0028364500
32600 0.9668455450 0.9402990798 0.0236399712 -0.0044658861
33100 0.9322676592 0.9441465257 -0.0129690882 -0.0003924335
33600 0.9479082556 0.9456101190 0.0035902679 0.0011571342
34100 0.9391412269 0.9458577713 -0.0056917535 0.0014193340
34600 0.9635030113 0.9445086705 0.0201010904 -0.0000090156
35100 0.9137699862 0.9454772080 -0.0325533512 0.0010164157
35600 0.9506391927 0.9392205056 0.0064816256 -0.0056078178
36100 0.9576707883 0.9456024931 0.0139262711 0.0011490603
36600 0.9435253255 0.9466530055 -0.0010501243 0.0022612818
37100 0.9481047947 0.9486522911 0.0037983521 0.0043780095
37600 0.9401512322 0.9441156915 -0.0046224184 -0.0004250790
38100 0.9369995598 0.9428477690 -0.0079592264 -0.0017674817
38600 0.9414856010 0.9409974093 -0.0032096662 -0.0037265352
39100 0.9458569098 0.9450447570 0.0014184219 0.0005585617
39600 0.9339142720 0.9455176768 -0.0112257501 0.0010592617
40100 0.9426350273 0.9442643392 -0.0019927204 -0.0002676995
40600 0.9054038435 0.9448891626 -0.0414109378 0.0003938273
41100 0.9187536752 0.9433090024 -0.0272769105 -0.0012791546
41600 0.9509464231 0.9418269231 0.0068069034 -0.0028482942
42100 0.9391906634 0.9433491686 -0.0056394130 -0.0012366289
42600 0.9311341478 0.9428697183 -0.0141691843 -0.0017442431
43100 0.9415358579 0.9449535963 -0.0031564571 0.0004620460
43600 0.9251638091 0.9440940367 -0.0204902326 -0.0004480058
44100 0.9625135052 0.9425453515 0.0190534588 -0.0020876639
44600 0.9464913524 0.9420403587 0.0020901329 -0.0026223209
45100 0.9411717423 0.9477549889 -0.0035419616 0.0034279980
45600 0.9323443099 0.9463541667 -0.0128879349 0.0019448887
46100 0.9289806699 0.9469631236 -0.0164491618 0.0025896170
46600 0.9713790774 0.9444206009 0.0284398123 -0.0001022586
47100 0.9445540155 0.9460721868 0.0000389930 0.0016463448
47600 0.9430063383 0.9434873950 -0.0015995978 -0.0010902829
48100 0.9489694035 0.9448024948 0.0047137497 0.0003020685
48600 0.9286040145 0.9418724280 -0.0168479427 -0.0028001162
49100 0.9603331850 0.9446537678 0.0167450622 0.0001446050
49600 0.9430079855 0.9396925403 -0.0015978539 -0.0051080548
50100 0.9473746054 0.9500499002 0.0030252700 0.0058577169
50600 0.9483885983 0.9427124506 0.0040988268 -0.0019107490
51100 0.9377770670 0.9450097847 -0.0071360469 0.0005215351
51600 0.9262407045 0.9454215116 -0.0193500781 0.0009574476
52100 0.9195909018 0.9457053743 -0.0263905034 0.0012579849
52600 0.9550242677 0.9465304183 0.0111242886 0.0021314936
53100 0.9322997417 0.9472222222 -0.0129351211 0.0028639355
53600 0.9582470942 0.9424207090 0.0145364304 -0.0022196282
54100 0.9702368211 0.9452402957 0.0272304576 0.0007655868
54600 0.9394503535 0.9423534799 -0.0053644682 -0.0022908064
55100 0.9210444589 0.9424455535 -0.0248515616 -0.0021933242
55600 0.9472088214 0.9437050360 0.0028497475 -0.0008598572
56100 0.9541903845 0.9467023173 0.0102414214 0.0023134903
56600 0.9521166007 0.9437279152 0.0080458195 -0.0008356340
57100 0.9630192813 0.9466068301 0.0195889452 0.0022123941
57600 0.9570227581 0.9415147569 0.0132401743 -0.0031787976
58100 0.9534721286 0.9437177281 0.0094809738 -0.0008464196
58600 0.9415208455 0.9446672355 -0.0031723514 0.0001588638
59100 0.9546117588 0.9492808799 0.0106875482 0.0050435228
59600 0.9474188864 0.9414010067 0.0030721521 -0.0032992297
60100 0.9458457392 0.9427412646 0.0014065952 -0.0018802425
60600 0.9540848601 0.9442863036 0.0101296984 -0.0002444448
61100 0.9454816996 0.9416530278 0.0010211711 -0.0030324044
61600 0.9657426933 0.9433238636 0.0224723359 -0.0012634204
62100 0.9446597158 0.9447262480 0.0001509024 0.0002213428
62600 0.9616528088 0.9468650160 0.0181422034 0.0024857463
63100 0.9332326066 0.9401743265 -0.0119474578 -0.0045979676
63600 0.9336919247 0.9427869497 -0.0114611585 -0.0018318737
64100 0.9388458902 0.9427847114 -0.0060044389 -0.0018342435
64600 0.9735680726 0.9461106811 0.0307573935 0.0016871003
65100 0.9635517847 0.9456029186 0.0201527289 0.0011495108
65600 0.9533917774 0.9442644817 0.0093959026 -0.0002675485
66100 0.9405909143 0.9473714070 -0.0041569086 0.0030218837
66600 0.9452076623 0.9460397898 0.0007310363 0.0016120447
67100 0.9627957291 0.9458643815 0.0193522611 0.0014263326
67600 0.9553868217 0.9456360947 0.0115081398 0.0011846357
68100 0.9268150752 0.9417217327 -0.0187419678 -0.0029596636
68600 0.9526559459 0.9468658892 0.0086168469 0.0024866708
69100 0.9447777560 0.9447358900 0.0002758765 0.0002315512
69600 0.9540544335 0.9433369253 0.0100974845 -0.0012495915
70100 0.9548774044 0.9448644793 0.0109687983 0.0003676941
70600 0.9504558408 0.9430063739 0.0062875033 -0.0015995601
71100 0.9373451754 0.9434423347 -0.0075933086 -0.0011379901
71600 0.9517102082 0.9426850559 0.0076155547 -0.0019397530
72100 0.9461890152 0.9418689320 0.0017700359 -0.0028038175
72600 0.9359229778 0.9424758953 -0.0090990489 -0.0021612000
73100 0.9504019635 0.9446990424 0.0062304612 0.0001925391
73600 0.9299434392 0.9449558424 -0.0154298375 0.0004644240
74100 0.9383632436 0.9462044534 -0.0065154371 0.0017863810
74600 0.9269913277 0.9426441019 -0.0185553619 -0.0019831127
75100 0.9345419369 0.9430093209 -0.0105612150 -0.0015964400
75600 0.9580676305 0.9414186508 0.0143464246 -0.0032805492
76100 0.9493454965 0.9436596583 0.0051119351 -0.0009079004
76600 0.9407372284 0.9424934726 -0.0040019997 -0.0021425903
77100 0.9356452501 0.9444876783 -0.0093930909 -0.0000312409
77600 0.9491611082 0.9460373711 0.0049167155 0.0016094839
78100 0.9582714799 0.9455345711 0.0145622485 0.0010771484
78600 0.9567521834 0.9427321883 0.0129537055 -0.0018898519
79100 0.9332513060 0.9433154235 -0.0119276600 -0.0012723563
79600 0.9534044380 0.9438285176 0.0094093069 -0.0007291221
80100 0.9292468523 0.9456616729 -0.0161673433 0.0012117164
80600 0.9594276599 0.9456575682 0.0157863448 0.0012073707
81100 0.9512348804 0.9451294698 0.0071123052 0.0006482507
81600 0.9734050337 0.9458026961 0.0305847773 0.0013610236
82100 0.9420169491 0.9457673569 -0.0026471057 0.0013236085
82600 0.9427882445 0.9442039952 -0.0018305028 -0.0003315882
83100 0.9412103942 0.9480896510 -0.0035010392 0.0037823188
83600 0.9417447005 0.9444976077 -0.0029353467 -0.0000207283
84100 0.9339493030 0.9445303210 -0.0111886613 0.0000139067
84600 0.9462419321 0.9448433806 0.0018260612 0.0003453560
85100 0.9421675114 0.9437720329 -0.0024876990 -0.0007889248
85600 0.9431380487 0.9450058411 -0.0014601504 0.0005173598
86100 0.9501948207 0.9444105691 0.0060111503 -0.0001128797
86600 0.9316859849 0.9443706697 -0.0135849312 -0.0001551228
87100 0.9324767367 0.9453788749 -0.0127477291 0.0009123063
87600 0.9399174589 0.9435502283 -0.0048699241 -0.0010237586
88100 0.9504739725 0.9465947787 0.0063067001 0.0021996347
88600 0.9421473963 0.9491252822 -0.0025089958 0.0048787850
89100 0.9422070030 0.9445987654 -0.0024458876 0.0000863717
89600 0.9463891719 0.9453822545 0.0019819501 0.0009158844
90100 0.9707029417 0.9447142064 0.0277239591 0.0002085939
90600 0.9468888263 0.9447847682 0.0025109553 0.0002833006
91100 0.9294191222 0.9437156970 -0.0159849539 -0.0008485699
91600 0.9345350118 0.9427538210 -0.0105685468 -0.0018669485
92100 0.9373785807 0.9422774159 -0.0075579411 -0.0023713386
92600 0.9446010495 0.9425755940 0.0000887900 -0.0020556449
93100 0.9266835066 0.9468447905 -0.0188812650 0.0024643328
93600 0.9334704682 0.9431623932 -0.0116956238 -0.0014343760
94100 0.9357426710 0.9445403826 -0.0092899473 0.0000245593
94600 0.9481651831 0.9446485201 0.0038622878 0.0001390490
95100 0.9467581607 0.9436251314 0.0023726141 -0.0009444555
95600 0.9432302404 0.9429524059 -0.0013625432 -0.0016566983
96100 0.9356923564 0.9456945890 -0.0093432175 0.0012465661
96600 0.9345730277 0.9443711180 -0.0105282978 -0.0001546482
97100 0.9504864740 0.9451982492 0.0063199359 0.0007210703
97600 0.9557776075 0.9436091189 0.0119218811 -0.0009614087
98100 0.9430769189 0.9445973496 -0.0015248711 0.0000848727
98600 0.9433232726 0.9462981744 -0.0012640461 0.0018856073
99100 0.9447443920 0.9473133199 0.0002405526 0.0029603844
99600 0.9403921465 0.9441892570 -0.0043673524 -0.0003471921
